401  3.13638
403  2.98407
405  3.65393
407  3.03913
409  2.65666
411  3.12858
413  2.39767
415  3.1345
417  3.03906
419  2.98349
421  3.26919
423  2.85306
425  3.66473
427  2.91807
429  2.64619
431  2.89529
433  2.17213
435  3.92991
437  3.17107
439  2.72704
441  2.57803
443  2.92328
445  2.48727
447  2.61379
449  2.49853
451  3.37193
453  3.08694
455  3.27214
457  2.8983
459  2.97225
461  2.83309
463  3.21462
465  2.89714
467  2.77858
469  2.58947
471  2.31949
473  2.57153
475  2.64748
477  3.51847
479  2.64003
481  2.79111
483  2.69429
485  3.15394
487  2.74744
489  3.33066
491  2.50226
493  2.44501
495  2.38589
497  3.07824
499  2.94264
501  3.45068
503  3.43922
505  3.07011
507  3.5842
509  3.06679
511  3.59799
513  3.07479
515  3.12587
517  3.09625
519  2.57644
521  2.57641
523  3.01091
525  2.55941
527  3.33645
529  3.11607
531  3.22435
533  3.2538
535  2.27092
537  2.7185
539  3.03153
541  3.04403
543  3.02853
545  2.99853
547  2.98515
549  2.79708
551  2.66429
553  3.09387
555  2.44402
557  2.84122
559  2.69032
561  2.84269
563  3.05511
565  3.4893
567  3.36245
569  2.61191
571  2.89715
573  3.8696
575  2.67477
577  2.79987
579  3.74066
581  2.70157
583  2.58242
585  2.92856
587  2.99269
589  2.80611
591  2.79242
593  2.92144
595  3.201
597  2.58363
599  3.41563
601  2.64988
603  2.91529
605  2.97596
607  2.86343
609  2.73317
611  2.89046
613  2.84096
615  3.18729
617  3.19741
619  3.10001
621  3.22334
623  2.80049
625  2.82264
627  3.62784
629  2.26604
631  1.88734
633  2.3825
635  2.91608
637  3.91476
639  4.71972
641  2.60928
643  2.89576
645  3.42671
647  3.23057
649  2.80811
651  2.74417
653  3.02114
655  2.33165
657  3.53283
659  2.63716
661  2.24079
663  3.14045
665  2.98325
667  3.35072
669  2.32406
671  2.52524
673  2.4337
675  3.18271
677  2.79123
679  3.0292
681  3.21001
683  3.24051
685  3.02982
687  2.93405
689  2.98145
691  3.50557
693  2.99412
695  2.16652
697  3.48675
699  2.6253
701  3.07623
703  2.38694
705  2.89989
707  3.45928
709  2.06741
711  2.90694
713  3.29944
715  2.4556
717  3.03244
719  3.10475
721  2.15606
723  3.18006
725  2.87297
727  3.10895
729  3.06586
731  2.82717
733  2.99284
735  4.04088
737  2.55453
739  2.5133
741  3.12847
743  3.25335
745  2.62238
747  3.09842
749  2.89854
751  2.59597
753  2.72712
755  2.69578
757  3.1779
759  2.56208
761  2.70989
763  2.83982
765  3.04193
767  3.48425
769  2.99871
771  2.69647
773  2.91101
775  2.99311
777  2.57733
779  3.06659
781  3.2738
783  2.54012
785  3.04218
787  2.21088
789  4.5345
791  5.19941
793  2.40584
795  3.58212
797  3.71221
799  3.28541
801  3.07607
803  3.21044
805  2.96852
807  3.10253
809  2.83136
811  3.20964
813  3.1738
815  3.05729
817  2.60333
819  3.08162
821  3.35696
823  3.14724
825  3.26616
827  2.64581
829  3.0218
831  3.05492
833  2.3809
835  2.78505
837  2.89823
839  3.16665
841  2.72106
843  2.12183
845  2.77558
847  3.05997
849  2.99532
851  3.11778
853  2.29587
855  2.59867
857  2.68042
859  4.73569
861  1.23896
863  4.26133
865  4.56415
867  3.48757
869  3.06906
871  3.27171
873  2.86205
875  3.17673
877  2.59985
879  3.34813
881  3.39456
883  2.99845
885  2.99469
887  3.05898
889  2.91639
891  3.0173
893  3.03134
895  3.04185
897  2.777
899  2.70369
901  3.55153
903  2.37415
905  2.73315
907  3.46882
909  2.23793
911  2.8348
913  3.24393
915  3.5743
917  3.5682
919  2.54676
921  2.63107
923  3.53816
925  2.46922
927  3.00263
929  2.77002
931  3.16166
933  2.90349
935  3.05867
937  3.34265
939  3.00864
941  2.60518
943  3.0085
945  2.54132
947  3.1522
949  2.8635
951  3.36312
953  3.29819
955  3.62977
957  2.57705
959  2.69024
961  3.48222
963  3.14055
965  2.6722
967  2.73184
969  2.73666
971  2.92568
973  2.02652
975  2.05091
977  2.20649
979  2.95445
981  3.12414
983  3.1136
985  3.4464
987  2.74582
989  3.06062
991  2.85094
993  2.74879
995  3.67811
997  2.70922
999  3.26674
1001  2.92178
1003  4.01295
1005  4.53105
1007  1.6695
1009  1.61158
1011  2.61044
1013  2.23983
1015  3.37966
1017  3.31881
1019  2.59726
1021  3.06951
1023  3.14649
1025  3.23394
1027  2.7482
1029  3.16483
1031  2.83841
1033  2.79721
1035  2.87463
1037  3.19002
1039  2.30048
1041  3.65539
1043  2.27691
1045  2.21226
1047  3.64855
1049  3.00732
1051  2.96082
1053  2.81153
1055  2.9168
1057  3.22666
1059  3.48933
1061  2.86664
1063  3.01888
1065  3.09422
1067  2.99593
1069  3.17109
1071  3.33879
1073  3.54419
1075  2.08177
1077  2.59719
1079  2.34704
1081  2.55151
1083  3.3924
1085  2.56124
1087  2.78491
1089  2.35281
1091  2.86202
1093  3.00735
1095  3.31738
1097  2.64834
1099  3.40583
1101  2.90215
1103  2.84648
1105  2.97732
1107  3.04897
1109  3.49141
1111  3.45292
1113  3.15532
1115  2.51617
1117  2.94866
1119  3.09438
1121  3.18372
1123  3.3336
1125  2.88053
1127  2.85851
1129  2.99263
1131  2.89891
1133  3.18843
1135  3.1901
1137  4.10133
1139  3.25713
1141  3.61646
1143  3.05174
1145  2.84245
1147  3.26108
1149  2.62568
1151  2.97257
1153  2.93665
1155  3.13149
1157  3.00237
1159  3.14755
1161  3.08602
1163  2.90208
1165  3.69074
1167  3.22075
1169  3.536
1171  3.26136
1173  3.06105
1175  3.14354
1177  3.32223
1179  2.48587
1181  4.15979
1183  4.26045
1185  4.01729
1187  3.04811
1189  3.23641
1191  2.70092
1193  3.35898
1195  2.50403
1197  3.21834
1199  3.27993
401  1.17692
403  0.980111
405  0.995151
407  0.645088
409  0.630157
411  0.932726
413  0.798403
415  1.10607
417  0.709822
419  0.870967
421  0.624235
423  0.87376
425  0.614266
427  1.4954
429  1.29897
431  1.3025
433  1.71324
435  -0.332686
437  0.681198
439  1.11159
441  0.347244
443  0.793796
445  0.737411
447  0.539296
449  0.940944
451  0.81055
453  0.944689
455  0.701481
457  0.677914
459  0.815225
461  0.775971
463  0.931609
465  0.963921
467  0.590394
469  0.68897
471  0.69179
473  0.802637
475  0.474387
477  0.354934
479  0.574731
481  0.706327
483  1.01713
485  0.857527
487  1.1707
489  0.914506
491  0.59609
493  0.690678
495  1.23633
497  0.720509
499  0.913128
501  0.546799
503  0.86944
505  0.826314
507  0.30478
509  0.408694
511  0.718604
513  0.887797
515  0.466403
517  0.723189
519  0.791285
521  0.411856
523  0.679943
525  0.665312
527  0.860889
529  1.01501
531  0.776967
533  0.710557
535  0.512042
537  0.917816
539  0.9277
541  0.719303
543  0.655291
545  0.618134
547  0.599903
549  0.896823
551  0.830319
553  0.716943
555  0.805329
557  0.92181
559  0.83972
561  0.936453
563  0.471019
565  1.25911
567  0.499745
569  0.0750535
571  0.55542
573  0.917517
575  0.693941
577  0.949994
579  0.405243
581  0.857135
583  1.08287
585  0.848234
587  1.02328
589  0.539932
591  1.02858
593  0.938195
595  0.3226
597  0.682355
599  1.00618
601  0.829327
603  0.379817
605  0.829831
607  1.20504
609  0.95697
611  0.818641
613  1.20595
615  0.857815
617  0.713694
619  0.873395
621  0.646172
623  1.00402
625  1.21939
627  1.26358
629  0.424243
631  1.21513
633  1.11868
635  0.500558
637  0.116433
639  1.90402
641  0.506647
643  0.632853
645  0.47474
647  0.435979
649  0.993973
651  1.08842
653  0.640616
655  1.16521
657  0.86425
659  1.10602
661  1.04249
663  0.730957
665  0.709099
667  0.266521
669  0.623486
671  1.0141
673  0.954829
675  0.735907
677  1.42459
679  0.556208
681  0.652161
683  0.790236
685  0.780006
687  0.812176
689  1.06343
691  0.786343
693  0.970142
695  0.613182
697  0.727897
699  0.786699
701  1.59899
703  1.53811
705  1.12922
707  0.0202793
709  0.445279
711  0.455238
713  0.558569
715  0.605388
717  1.01025
719  0.627417
721  0.547986
723  1.26947
725  1.00002
727  0.866768
729  0.818089
731  0.949326
733  0.986652
735  0.683656
737  1.18163
739  0.82703
741  0.830942
743  0.941533
745  0.101691
747  0.776471
749  0.813295
751  0.59158
753  0.886212
755  0.795477
757  0.850589
759  1.02618
761  0.817907
763  0.885361
765  0.802546
767  0.934511
769  1.03933
771  0.792771
773  0.917985
775  0.691909
777  0.580988
779  0.873474
781  0.55046
783  0.806319
785  0.891636
787  0.575258
789  1.36051
791  0.8204
793  1.04711
795  1.37626
797  0.861391
799  1.01559
801  0.680465
803  0.919673
805  0.955073
807  0.947083
809  1.09746
811  0.913988
813  0.568513
815  0.770574
817  0.534916
819  0.882103
821  0.847712
823  0.316079
825  0.700777
827  0.846316
829  0.746948
831  1.0524
833  0.657006
835  0.718136
837  0.871276
839  0.719011
841  1.22613
843  1.34792
845  0.314667
847  0.476441
849  0.908782
851  0.843035
853  -0.018752
855  0.714169
857  1.14663
859  0.364003
861  -0.433334
863  0.73113
865  0.896531
867  1.38745
869  0.786835
871  0.751879
873  0.409543
875  0.645465
877  0.955143
879  0.422021
881  0.358818
883  0.941464
885  1.22798
887  1.01055
889  0.730315
891  1.44238
893  0.694103
895  0.746925
897  0.934907
899  1.08824
901  0.706292
903  0.530158
905  0.321264
907  1.01069
909  0.939426
911  0.772205
913  0.819819
915  0.834476
917  -0.00602531
919  0.10543
921  0.496695
923  0.767577
925  0.699473
927  0.393242
929  0.615772
931  0.79615
933  0.785662
935  0.573901
937  1.1286
939  1.03894
941  0.563636
943  1.04788
945  0.996781
947  0.733006
949  0.895629
951  0.235673
953  0.782183
955  0.260562
957  1.00379
959  0.599112
961  1.18369
963  0.815289
965  0.71007
967  0.623319
969  1.22638
971  0.568296
973  1.07987
975  0.819319
977  0.749108
979  0.722452
981  0.735039
983  0.871272
985  0.789937
987  1.1436
989  0.672874
991  0.75851
993  0.96182
995  1.25765
997  0.922727
999  1.01495
1001  1.03519
1003  0.443971
1005  0.110079
1007  0.153793
1009  1.12695
1011  1.59529
1013  0.654914
1015  0.657398
1017  0.801796
1019  1.00011
1021  0.72511
1023  0.557714
1025  0.55631
1027  0.479449
1029  0.995482
1031  0.926427
1033  0.836228
1035  0.917377
1037  0.275496
1039  1.18347
1041  0.927614
1043  0.929026
1045  0.90356
1047  0.926355
1049  0.888925
1051  0.95153
1053  1.21621
1055  1.04986
1057  1.06218
1059  0.520549
1061  0.719371
1063  0.776258
1065  1.15816
1067  0.890129
1069  1.15127
1071  0.923234
1073  0.589011
1075  0.551825
1077  0.593889
1079  1.04185
1081  0.540273
1083  1.04783
1085  0.87138
1087  1.09002
1089  0.527324
1091  1.06606
1093  1.26722
1095  0.723232
1097  1.46277
1099  1.06269
1101  0.604283
1103  0.752601
1105  0.97685
1107  0.716843
1109  0.754265
1111  0.758316
1113  1.02959
1115  0.979714
1117  1.07042
1119  1.01358
1121  0.48911
1123  0.972434
1125  1.25375
1127  0.730217
1129  0.862054
1131  0.961336
1133  0.799019
1135  0.643829
1137  0.750884
1139  0.894751
1141  0.818782
1143  0.644537
1145  0.821935
1147  0.913831
1149  0.564691
1151  0.700407
1153  0.963647
1155  0.640854
1157  0.975124
1159  0.849068
1161  0.84297
1163  0.945547
1165  1.03522
1167  0.995042
1169  -0.030124
1171  1.42842
1173  0.679265
1175  0.80299
1177  0.939523
1179  0.358448
1181  0.702798
1183  1.43851
1185  1.09024
1187  0.930686
1189  0.664791
1191  0.670903
1193  0.603295
1195  0.885179
1197  0.678831
1199  0.875525
401  0.634556
403  0.465298
405  1.32119
407  0.57202
409  0.800649
411  0.82243
413  0.493117
415  0.519266
417  0.496329
419  0.564646
421  0.77694
423  1.0307
425  1.49616
427  0.837673
429  1.61317
431  1.05115
433  2.32745
435  1.81554
437  0.46746
439  1.10711
441  0.978843
443  0.825059
445  1.09896
447  0.958058
449  0.566905
451  0.460367
453  1.13243
455  0.504135
457  0.547783
459  0.614103
461  1.02993
463  0.89596
465  0.923761
467  0.613651
469  0.898675
471  1.50089
473  1.159
475  0.658529
477  1.15309
479  0.573612
481  1.59835
483  0.927015
485  0.986098
487  0.830691
489  0.682776
491  0.544863
493  0.913269
495  1.08639
497  0.602461
499  0.890004
501  0.7272
503  1.37597
505  1.05812
507  0.906187
509  1.80439
511  1.55961
513  0.550042
515  0.700197
517  0.526498
519  0.679908
521  0.746955
523  0.522864
525  0.763995
527  0.411537
529  0.889286
531  0.881829
533  0.748734
535  1.07134
537  0.652279
539  0.658076
541  0.71174
543  1.13735
545  0.533134
547  0.722067
549  0.770794
551  0.914937
553  1.06754
555  0.772251
557  0.524926
559  0.59213
561  0.826081
563  0.752562
565  1.1753
567  1.14704
569  1.16261
571  0.732563
573  1.97461
575  0.788763
577  1.45603
579  1.4135
581  0.582813
583  1.05365
585  0.897825
587  0.571977
589  0.821224
591  0.740397
593  0.52891
595  0.788111
597  0.546546
599  0.78314
601  0.754454
603  0.69166
605  0.585737
607  0.744937
609  0.686577
611  0.453529
613  1.34373
615  0.754084
617  0.968771
619  0.718291
621  0.68668
623  0.608084
625  0.615577
627  0.69446
629  0.850242
631  1.35371
633  1.27776
635  1.21408
637  2.44106
639  2.43215
641  1.40491
643  0.860434
645  0.963235
647  0.980648
649  0.50455
651  0.915097
653  0.652228
655  1.83637
657  0.975052
659  1.34518
661  0.867758
663  0.977392
665  0.616691
667  2.01975
669  0.787284
671  0.770542
673  0.696508
675  1.2079
677  0.969337
679  1.3135
681  0.517124
683  0.645658
685  0.593112
687  0.552381
689  0.52801
691  1.05716
693  0.495303
695  0.681521
697  1.53075
699  0.360871
701  2.06331
703  1.47735
705  1.32126
707  2.01047
709  1.27515
711  0.538225
713  0.67983
715  0.713636
717  0.734811
719  0.639878
721  1.0711
723  0.876121
725  0.577234
727  0.813992
729  0.613054
731  0.956414
733  1.37307
735  0.956015
737  0.807697
739  0.873255
741  0.907023
743  0.563915
745  0.908058
747  0.652823
749  0.526951
751  1.91748
753  0.479246
755  0.44408
757  1.56821
759  1.18988
761  0.599574
763  0.730194
765  0.566593
767  0.871583
769  0.550258
771  0.385025
773  0.639287
775  0.71182
777  0.619822
779  0.877324
781  1.3125
783  0.516595
785  0.601615
787  1.23582
789  2.59218
791  2.99314
793  1.3352
795  1.4668
797  0.694266
799  0.600028
801  0.548388
803  0.608782
805  0.410834
807  0.934747
809  0.538802
811  0.400646
813  0.665356
815  0.663369
817  0.716302
819  0.926316
821  0.99852
823  0.913748
825  1.25735
827  0.556602
829  0.657009
831  1.35637
833  1.61613
835  0.600689
837  1.30967
839  0.714587
841  0.826017
843  1.91774
845  0.825114
847  0.650402
849  0.510688
851  1.73198
853  2.11514
855  0.765611
857  0.868055
859  2.17669
861  3.88505
863  2.65089
865  1.95971
867  0.963027
869  0.615144
871  0.560762
873  0.926807
875  0.410752
877  1.08667
879  0.714745
881  0.919639
883  0.965263
885  0.740399
887  0.738917
889  0.566723
891  1.4515
893  0.591022
895  1.03884
897  0.665814
899  0.709692
901  1.25489
903  1.03231
905  1.07833
907  0.727276
909  0.920349
911  0.425243
913  0.904835
915  1.27513
917  1.33958
919  1.45472
921  0.710175
923  0.791655
925  0.774098
927  0.774187
929  1.67354
931  0.477259
933  0.637568
935  0.648933
937  0.626996
939  0.459735
941  0.818759
943  0.459527
945  0.575421
947  0.571887
949  0.751501
951  0.890831
953  0.82596
955  0.935963
957  0.810312
959  0.747687
961  0.559217
963  0.476408
965  0.405207
967  0.972313
969  0.988234
971  0.762058
973  0.938678
975  0.872161
977  0.939149
979  0.607627
981  0.338774
983  0.883997
985  0.83684
987  0.837772
989  0.951835
991  0.615309
993  0.539662
995  1.65297
997  0.696622
999  0.663133
1001  1.34464
1003  1.30221
1005  2.20943
1007  3.45358
1009  1.07966
1011  1.43596
1013  0.744069
1015  0.884136
1017  0.897589
1019  0.831973
1021  0.692857
1023  0.636634
1025  0.690424
1027  0.528296
1029  0.511632
1031  0.629383
1033  0.752442
1035  1.08769
1037  1.51417
1039  1.46705
1041  1.49107
1043  1.09524
1045  1.00163
1047  1.36032
1049  0.633042
1051  0.817729
1053  0.720023
1055  0.840535
1057  0.507784
1059  0.668017
1061  0.629237
1063  0.45366
1065  0.745019
1067  0.720316
1069  0.547443
1071  0.744516
1073  0.847185
1075  1.05238
1077  1.26047
1079  0.967957
1081  0.940108
1083  1.21754
1085  0.74245
1087  0.679285
1089  0.63148
1091  1.60866
1093  0.521179
1095  0.673434
1097  0.961934
1099  0.63194
1101  0.521945
1103  0.361408
1105  0.445417
1107  0.496171
1109  1.1237
1111  1.07894
1113  0.714744
1115  1.49307
1117  0.50993
1119  1.42805
1121  1.16487
1123  1.06125
1125  0.62024
1127  0.621568
1129  0.465442
1131  0.53123
1133  0.682426
1135  0.51016
1137  1.11082
1139  1.12511
1141  0.976047
1143  1.01487
1145  0.65811
1147  1.4732
1149  0.820704
1151  0.483015
1153  0.5814
1155  0.573738
1157  0.569078
1159  0.444733
1161  0.580038
1163  0.838429
1165  0.760455
1167  0.508596
1169  1.48523
1171  1.22123
1173  0.411807
1175  0.849674
1177  0.746988
1179  0.998351
1181  2.01976
1183  2.43958
1185  1.33537
1187  0.715479
1189  0.832194
1191  0.441573
1193  0.542868
1195  0.915765
1197  1.51483
1199  1.1298
