401  2.83976
403  2.98161
405  2.99058
407  2.70858
409  3.05677
411  3.06545
413  3.08839
415  2.9911
417  2.43744
419  3.26095
421  2.42026
423  3.12496
425  2.90136
427  4.38071
429  3.99857
431  3.4186
433  3.00364
435  2.65028
437  2.99913
439  3.39954
441  2.9984
443  2.7589
445  3.07487
447  2.82307
449  2.62123
451  2.49056
453  2.59728
455  2.54171
457  2.46896
459  2.31528
461  3.12155
463  3.16369
465  3.01082
467  2.74605
469  3.6277
471  2.57003
473  2.79267
475  2.60539
477  2.83724
479  2.96378
481  2.9757
483  3.78204
485  4.26283
487  2.45082
489  2.28407
491  3.39781
493  3.48287
495  2.58318
497  2.7973
499  3.2113
501  2.91914
503  3.0695
505  3.15322
507  2.81006
509  3.22839
511  3.38951
513  2.89374
515  2.61241
517  3.09746
519  3.30125
521  2.63793
523  2.70182
525  3.24796
527  2.62437
529  3.50793
531  2.4046
533  2.87604
535  2.77606
537  3.17766
539  2.68842
541  2.86552
543  3.04574
545  3.05955
547  3.97477
549  2.42867
551  3.5795
553  2.51119
555  3.43569
557  2.81661
559  2.95342
561  3.08395
563  3.50332
565  2.3109
567  2.95694
569  2.94312
571  2.93075
573  2.77134
575  3.28119
577  3.44697
579  2.94759
581  2.83684
583  3.00952
585  2.26589
587  2.87616
589  2.47271
591  2.90017
593  2.62884
595  3.16535
597  3.28854
599  2.61104
601  3.30755
603  3.38705
605  2.78672
607  2.98014
609  2.33651
611  3.70847
613  3.17261
615  2.91176
617  3.45011
619  2.17095
621  1.58844
623  3.6906
625  2.6565
627  3.16679
629  2.98807
631  2.44335
633  3.67917
635  2.92565
637  2.62569
639  3.26225
641  2.54284
643  3.37293
645  3.02196
647  2.518
649  2.72224
651  3.20177
653  2.97342
655  4.11806
657  3.77185
659  2.8138
661  1.6521
663  2.69403
665  2.64761
667  3.06073
669  3.23343
671  3.53982
673  2.52991
675  3.60939
677  3.28236
679  3.30379
681  2.41163
683  2.87859
685  2.7024
687  3.01456
689  3.60862
691  3.3616
693  3.12054
695  3.18734
697  3.49026
699  3.25842
701  2.87306
703  3.42759
705  2.62398
707  3.26372
709  2.87952
711  2.61726
713  2.67761
715  2.94238
717  3.81778
719  2.97421
721  2.73082
723  3.25106
725  3.24751
727  2.78617
729  3.04235
731  1.89871
733  3.95633
735  2.88198
737  2.62136
739  2.85814
741  0.61248
743  -0.624335
745  -2.77016
747  -0.18879
749  0.0336647
751  0.0764628
753  0.116196
755  1.07446
757  2.57095
759  1.53704
761  1.80999
763  0.819524
765  1.05845
767  2.57832
769  3.91985
771  2.78895
773  3.39304
775  3.19509
777  0.997731
779  2.8579
781  2.82614
783  3.5353
785  3.59802
787  3.18419
789  2.81105
791  2.69898
793  3.62637
795  3.17405
797  2.83328
799  2.65357
801  3.473
803  2.5267
805  2.6725
807  3.15956
809  3.24886
811  3.26161
813  2.08447
815  3.59784
817  2.49181
819  3.00521
821  2.83525
823  2.81854
825  3.17226
827  3.12501
829  2.93884
831  3.37199
833  3.3303
835  3.1232
837  3.07938
839  2.94308
841  3.05443
843  3.26104
845  2.89543
847  2.89038
849  2.87073
851  3.28363
853  2.94716
855  2.73554
857  2.9252
859  3.47814
861  3.24494
863  3.03046
865  3.19361
867  2.81142
869  2.86889
871  3.12396
873  2.7398
875  2.78367
877  2.7417
879  2.95667
881  2.47569
883  3.8946
885  2.2755
887  3.04027
889  2.41034
891  2.68386
893  2.60687
895  2.68929
897  3.13099
899  3.60443
901  2.62604
903  2.87736
905  3.3814
907  3.35244
909  3.52051
911  2.99512
913  2.89237
915  3.12868
917  3.24343
919  2.80229
921  2.44755
923  2.47663
925  4.74652
927  4.92922
929  4.84758
931  4.13523
933  3.42358
935  2.52074
937  3.76707
939  3.11099
941  2.8546
943  2.53833
945  2.94831
947  2.79398
949  3.34889
951  3.2448
953  3.02827
955  2.94872
957  2.86021
959  3.37747
961  3.11141
963  3.73979
965  3.22101
967  3.58953
969  2.46303
971  3.2895
973  3.24334
975  2.70398
977  3.77518
979  2.33769
981  2.52345
983  3.4675
985  3.60349
987  2.75564
989  3.22911
991  2.46401
993  3.09041
995  2.9959
997  2.66851
999  3.85579
1001  3.20366
1003  2.0236
1005  2.68277
1007  3.70349
1009  3.47247
1011  2.74639
1013  2.60256
1015  3.10365
1017  2.62273
1019  2.93883
1021  3.12839
1023  2.68317
1025  2.80257
1027  3.02251
1029  2.84574
1031  3.87404
1033  4.25786
1035  3.73168
1037  2.3941
1039  2.9027
1041  3.04056
1043  3.70696
1045  2.95998
1047  3.18076
1049  3.3081
1051  2.4763
1053  2.99425
1055  2.82294
1057  2.94867
1059  2.95145
1061  3.31552
1063  2.94974
1065  2.46406
1067  3.32588
1069  2.98173
1071  3.42582
1073  3.43905
1075  3.44662
1077  2.78459
1079  2.833
1081  3.42718
1083  3.05197
1085  2.77571
1087  2.64424
1089  2.69124
1091  2.79967
1093  3.54225
1095  3.16364
1097  3.07048
1099  2.97017
1101  2.05996
1103  2.67764
1105  2.39116
1107  3.02846
1109  2.64869
1111  2.8438
1113  2.82805
1115  2.95938
1117  2.88498
1119  3.32918
1121  3.1736
1123  3.7142
1125  3.04069
1127  3.09373
1129  2.29563
1131  2.9979
1133  2.57469
1135  3.50276
1137  2.27486
1139  3.30573
1141  2.86303
1143  3.39793
1145  2.66949
1147  2.14205
1149  2.703
1151  3.2013
1153  3.40856
1155  2.5653
1157  3.29113
1159  2.36969
1161  3.87142
1163  4.46012
1165  3.29158
1167  1.40856
1169  3.19496
1171  3.52371
1173  5.3455
1175  4.74263
1177  2.67609
1179  3.19094
1181  3.98636
1183  2.8073
1185  2.62525
1187  3.05642
1189  2.69882
1191  2.63528
1193  1.94824
1195  3.84225
1197  3.75304
1199  3.65499
401  0.46945
403  0.670968
405  1.01575
407  1.00148
409  0.859807
411  0.72056
413  0.955123
415  0.866177
417  0.778965
419  1.16138
421  0.753976
423  0.609215
425  0.798529
427  0.631827
429  1.2279
431  0.687894
433  0.802551
435  0.798841
437  0.478315
439  0.189527
441  0.792675
443  0.977813
445  0.825644
447  0.756238
449  0.802767
451  0.574502
453  0.351251
455  0.804295
457  0.835363
459  1.39691
461  0.973178
463  0.730381
465  1.02146
467  0.871132
469  0.674601
471  0.656463
473  0.353421
475  0.700623
477  0.22603
479  0.313974
481  1.29871
483  1.46868
485  1.48624
487  1.40102
489  1.2912
491  0.798925
493  1.42113
495  0.936694
497  0.913831
499  0.633289
501  0.751809
503  0.928908
505  0.566604
507  0.702762
509  0.598649
511  0.643256
513  0.919134
515  0.932188
517  0.750617
519  0.755394
521  1.019
523  0.942709
525  0.604512
527  0.955773
529  1.15516
531  1.32501
533  0.298645
535  0.338713
537  0.789938
539  0.717848
541  0.85017
543  0.810398
545  0.759924
547  0.627505
549  1.00563
551  0.926803
553  0.696891
555  0.691563
557  1.18236
559  0.891243
561  0.660057
563  0.710167
565  0.751348
567  0.673239
569  0.683602
571  0.821565
573  1.03861
575  1.10012
577  0.840035
579  0.723314
581  0.666552
583  1.15721
585  0.948766
587  0.545854
589  0.882162
591  0.865121
593  0.502857
595  0.680031
597  0.601479
599  1.34607
601  0.366937
603  0.128875
605  0.590964
607  0.822831
609  0.363728
611  0.758706
613  0.396435
615  1.13616
617  -0.048298
619  -0.261489
621  0.802391
623  0.92711
625  1.04553
627  0.593843
629  1.07311
631  1.34169
633  -0.0675564
635  1.13919
637  0.439422
639  1.06047
641  0.622072
643  0.921648
645  0.904876
647  0.624758
649  0.283602
651  0.64781
653  0.701837
655  1.89556
657  1.99969
659  1.49712
661  0.626191
663  0.947045
665  0.60305
667  0.934588
669  0.820311
671  0.831113
673  0.96127
675  1.28245
677  0.877202
679  0.302629
681  0.654224
683  0.543605
685  0.5517
687  0.563293
689  0.930289
691  0.938826
693  0.832127
695  0.730493
697  0.860412
699  0.476356
701  0.677456
703  1.18116
705  0.919548
707  0.804588
709  1.12829
711  0.867844
713  0.843371
715  0.403858
717  0.559727
719  1.05535
721  0.524126
723  0.822251
725  0.691271
727  0.755336
729  1.115
731  0.106591
733  1.10195
735  0.522729
737  0.594644
739  0.22209
741  -0.370339
743  0.306611
745  -1.78314
747  -0.166655
749  -0.933427
751  -1.70771
753  -2.11625
755  -3.08133
757  -1.9231
759  0.142147
761  -0.0703974
763  -0.27459
765  0.31569
767  0.578245
769  0.441045
771  0.805112
773  0.614826
775  0.264352
777  1.13977
779  2.33927
781  2.20194
783  2.06382
785  0.249585
787  0.936465
789  0.708341
791  0.510229
793  0.731562
795  1.00865
797  1.84212
799  0.151815
801  0.134663
803  0.448881
805  0.0620905
807  0.686966
809  0.997603
811  1.09129
813  0.497445
815  0.88537
817  0.39775
819  0.550668
821  0.926311
823  0.631726
825  0.794856
827  0.331452
829  0.741645
831  0.907379
833  0.823213
835  0.982347
837  0.971013
839  0.899397
841  0.750208
843  0.692544
845  1.56107
847  0.728864
849  0.735335
851  1.20618
853  0.938371
855  0.759329
857  0.995411
859  0.361366
861  0.833424
863  0.902745
865  0.836034
867  0.718771
869  1.27664
871  1.05851
873  0.702435
875  0.881137
877  0.8483
879  0.35402
881  0.210433
883  0.366276
885  0.787297
887  1.21295
889  0.774848
891  0.813369
893  0.717386
895  0.608047
897  0.927802
899  0.824911
901  0.767274
903  0.897811
905  1.22848
907  1.06615
909  0.964854
911  0.688142
913  0.632448
915  0.731257
917  1.37267
919  1.32154
921  0.969575
923  0.17008
925  2.15577
927  2.02165
929  1.1971
931  1.39187
933  1.19784
935  0.350234
937  0.614266
939  0.615569
941  1.15852
943  0.69595
945  0.525483
947  0.599507
949  0.499173
951  1.44381
953  1.03321
955  0.823941
957  1.47181
959  0.927766
961  1.32685
963  0.968986
965  0.758398
967  0.561267
969  1.11894
971  1.11214
973  0.846395
975  1.12529
977  1.16151
979  1.14407
981  0.964634
983  0.808654
985  0.959165
987  1.06317
989  0.999735
991  0.464201
993  0.76931
995  0.840915
997  0.668503
999  1.95005
1001  0.0188604
1003  -0.711147
1005  0.1382
1007  0.302254
1009  1.42597
1011  0.762184
1013  0.48325
1015  1.03414
1017  1.06974
1019  0.459083
1021  0.880397
1023  0.664637
1025  0.946881
1027  1.02095
1029  0.394093
1031  0.508631
1033  0.752385
1035  0.892082
1037  0.606894
1039  0.987273
1041  0.696656
1043  1.06113
1045  0.855385
1047  0.621135
1049  0.462638
1051  1.11963
1053  0.463097
1055  0.871066
1057  0.755249
1059  0.818403
1061  0.526325
1063  0.901128
1065  0.736264
1067  0.473627
1069  0.45987
1071  1.11098
1073  0.862973
1075  1.1148
1077  0.839755
1079  0.607911
1081  1.03441
1083  0.820426
1085  0.462203
1087  0.530664
1089  0.941812
1091  1.33081
1093  0.825703
1095  0.9656
1097  0.973281
1099  0.834728
1101  1.11126
1103  1.01856
1105  0.2696
1107  0.279026
1109  0.856264
1111  0.539946
1113  0.860128
1115  0.851395
1117  0.702519
1119  0.8153
1121  0.764283
1123  0.425771
1125  1.08988
1127  1.1998
1129  0.352419
1131  0.956758
1133  1.13754
1135  1.0189
1137  0.437319
1139  0.694002
1141  0.780412
1143  0.874149
1145  0.212979
1147  0.776521
1149  0.86227
1151  0.811378
1153  0.659863
1155  0.909306
1157  0.304068
1159  0.26127
1161  0.552484
1163  0.757676
1165  -0.104856
1167  -0.196463
1169  0.0563545
1171  1.78932
1173  0.789767
1175  1.34266
1177  0.625742
1179  0.562777
1181  0.472004
1183  0.432664
1185  0.57489
1187  0.840294
1189  0.75757
1191  0.690095
1193  0.67848
1195  0.9914
1197  0.63814
1199  0.724782
401  0.530584
403  0.69211
405  0.758971
407  0.750672
409  0.350648
411  0.601753
413  0.322294
415  1.32064
417  0.978689
419  1.01409
421  0.677627
423  0.849882
425  1.70167
427  2.10102
429  1.0827
431  0.817815
433  0.61385
435  0.924866
437  1.0471
439  0.870442
441  0.511007
443  1.00874
445  1.53566
447  0.409791
449  0.592505
451  0.798139
453  1.46571
455  0.875045
457  2.22895
459  0.933339
461  0.901704
463  0.634499
465  0.726632
467  0.687164
469  1.26481
471  1.02678
473  1.00123
475  1.13093
477  1.53347
479  1.66171
481  1.43693
483  1.12719
485  1.61516
487  1.06978
489  1.02249
491  0.954583
493  0.996623
495  0.849127
497  0.909977
499  0.449574
501  0.879503
503  0.342825
505  0.34061
507  0.671939
509  0.578701
511  0.764693
513  0.436332
515  0.671713
517  0.595945
519  0.447599
521  0.632169
523  0.80779
525  0.667621
527  0.834969
529  0.973466
531  1.20879
533  0.899126
535  1.33257
537  2.26943
539  0.604971
541  0.518399
543  0.669486
545  0.725946
547  1.41759
549  0.829075
551  0.601567
553  1.30272
555  0.652734
557  0.538676
559  0.832671
561  0.598085
563  0.711513
565  0.606725
567  0.454874
569  0.667893
571  0.474337
573  0.837481
575  0.750951
577  0.789453
579  0.749813
581  0.867916
583  1.25538
585  1.25898
587  1.08346
589  1.09434
591  0.541748
593  1.53614
595  0.733484
597  1.18934
599  1.20435
601  0.937903
603  0.870461
605  0.445524
607  1.4524
609  1.1914
611  0.772704
613  0.900036
615  1.48312
617  1.51477
619  2.46369
621  1.2928
623  0.778841
625  0.601207
627  0.802752
629  0.733554
631  1.34661
633  2.59194
635  1.57832
637  1.44834
639  1.57649
641  0.707962
643  0.724849
645  0.690159
647  1.30794
649  1.79056
651  1.30941
653  1.16831
655  1.75332
657  2.20348
659  2.66087
661  1.64557
663  0.739763
665  0.568626
667  0.553165
669  0.681598
671  0.786048
673  1.32052
675  1.11063
677  0.695109
679  1.29138
681  1.19922
683  0.826321
685  0.65229
687  0.921357
689  0.677645
691  0.755272
693  0.493496
695  0.611237
697  0.706147
699  0.633931
701  0.949995
703  0.71978
705  0.565829
707  0.628026
709  0.753001
711  0.612191
713  0.800073
715  0.739879
717  1.71449
719  1.53719
721  0.510298
723  0.686866
725  0.505078
727  0.458452
729  1.32111
731  1.52431
733  1.20835
735  0.660018
737  1.01217
739  3.18615
741  2.28722
743  4.03143
745  7.86483
747  5.47784
749  6.07889
751  4.8627
753  5.25112
755  9.71819
757  4.66329
759  1.48243
761  2.54208
763  2.81585
765  2.23905
767  2.68029
769  1.00757
771  0.704261
773  0.417566
775  2.22546
777  2.3932
779  1.48605
781  2.67717
783  2.17207
785  0.92678
787  0.66619
789  0.958722
791  0.700799
793  0.563014
795  1.17059
797  1.30796
799  1.62536
801  1.71484
803  0.779468
805  0.908235
807  1.17572
809  0.670521
811  0.769171
813  1.18294
815  1.1171
817  0.676662
819  0.82038
821  0.606039
823  0.597446
825  0.829073
827  0.656574
829  0.772304
831  0.533775
833  0.572102
835  0.554671
837  0.486492
839  0.542565
841  0.432188
843  3.02748
845  1.80763
847  0.448027
849  0.470617
851  0.761715
853  0.880225
855  0.615699
857  0.676774
859  0.768983
861  0.797733
863  0.444865
865  0.661578
867  0.864671
869  1.25671
871  0.423279
873  0.439905
875  0.688047
877  0.924713
879  1.30814
881  1.48623
883  1.39929
885  1.35742
887  0.978683
889  0.921944
891  0.61281
893  0.582208
895  0.511063
897  1.35336
899  0.748733
901  0.796763
903  1.37066
905  0.778633
907  0.725066
909  1.36079
911  0.787611
913  0.627311
915  0.643298
917  0.894763
919  1.40791
921  1.09377
923  1.89453
925  2.34716
927  2.64417
929  2.30362
931  2.94049
933  0.538499
935  1.0491
937  0.879345
939  0.613711
941  0.595581
943  0.782259
945  0.824384
947  1.5991
949  1.40609
951  1.50185
953  1.05083
955  0.848227
957  1.27311
959  0.995529
961  1.09882
963  0.53489
965  0.533435
967  0.743867
969  0.915347
971  0.599525
973  0.482237
975  1.02038
977  1.00138
979  0.736538
981  1.1218
983  1.22081
985  0.618042
987  0.527592
989  1.03681
991  1.61063
993  1.02032
995  0.772474
997  1.44265
999  2.23611
1001  2.32169
1003  2.13369
1005  1.35006
1007  1.15222
1009  1.31523
1011  0.997142
1013  0.616428
1015  0.592486
1017  0.715443
1019  0.581673
1021  0.468336
1023  0.578606
1025  0.798435
1027  0.614097
1029  0.909654
1031  1.02429
1033  0.857607
1035  1.07407
1037  0.825273
1039  0.692987
1041  1.25504
1043  1.39868
1045  0.840127
1047  0.707642
1049  1.75742
1051  1.32594
1053  0.995491
1055  0.365258
1057  0.396805
1059  0.611832
1061  1.13445
1063  0.813769
1065  1.31435
1067  0.890165
1069  1.10289
1071  0.729331
1073  0.680025
1075  0.674507
1077  0.775947
1079  0.856503
1081  1.25268
1083  0.489763
1085  0.765635
1087  1.03327
1089  0.655593
1091  0.848917
1093  0.902555
1095  0.854402
1097  0.58791
1099  0.578959
1101  1.20113
1103  0.89377
1105  1.3196
1107  0.935236
1109  1.04251
1111  0.65545
1113  0.581863
1115  0.731188
1117  0.554421
1119  0.537889
1121  1.76462
1123  0.95686
1125  0.590014
1127  1.98256
1129  2.20688
1131  0.963802
1133  0.907875
1135  1.00042
1137  0.785759
1139  1.01438
1141  1.3489
1143  0.737202
1145  0.994365
1147  1.13299
1149  0.862203
1151  0.793879
1153  1.03102
1155  0.600429
1157  1.56285
1159  0.713592
1161  1.75125
1163  1.86211
1165  2.52965
1167  2.84423
1169  1.48785
1171  1.7236
1173  1.71518
1175  2.58993
1177  0.926071
1179  1.38747
1181  0.716808
1183  0.820656
1185  0.614548
1187  0.444942
1189  0.678565
1191  1.6845
1193  1.88956
1195  1.13308
1197  1.10788
1199  0.928298
