401  3.08087
403  2.39169
405  3.17062
407  2.92604
409  3.36432
411  2.73231
413  2.41545
415  2.67145
417  2.90691
419  3.58909
421  2.70741
423  2.87449
425  3.10302
427  2.93485
429  3.30107
431  2.94049
433  2.91984
435  3.50699
437  2.5709
439  3.12488
441  3.15021
443  3.49552
445  2.7986
447  3.10423
449  3.22337
451  2.97108
453  2.98868
455  3.19392
457  2.84288
459  3.62559
461  2.69762
463  3.00975
465  3.27658
467  2.42944
469  2.29218
471  3.51454
473  3.23677
475  2.84191
477  2.74894
479  2.75995
481  3.12141
483  2.73418
485  3.25607
487  2.5778
489  2.91291
491  3.12816
493  2.62267
495  4.12749
497  2.67954
499  2.7504
501  2.94725
503  3.41372
505  2.62904
507  3.25662
509  1.08746
511  3.21789
513  2.42199
515  3.06497
517  3.04993
519  2.78958
521  2.68115
523  2.73353
525  2.94691
527  2.64459
529  2.7503
531  2.84335
533  3.32557
535  2.78874
537  3.42097
539  3.25084
541  2.86515
543  2.73879
545  2.80178
547  2.1641
549  4.42068
551  3.04741
553  2.67986
555  2.73573
557  2.85005
559  3.19677
561  2.69539
563  3.13956
565  2.38846
567  2.85347
569  2.9698
571  3.14244
573  2.80323
575  3.31697
577  2.66276
579  3.55901
581  4.18991
583  3.16677
585  2.70687
587  2.40575
589  2.85208
591  3.4073
593  3.19738
595  3.79179
597  2.59588
599  2.85543
601  2.57781
603  2.82684
605  3.24029
607  3.32625
609  2.98209
611  2.02063
613  2.9817
615  2.80392
617  3.16572
619  3.2076
621  3.03621
623  2.69962
625  2.41579
627  3.25523
629  2.6796
631  3.25578
633  2.89792
635  2.94474
637  3.16162
639  2.98152
641  2.85337
643  2.81741
645  3.29884
647  2.42618
649  2.06312
651  3.30548
653  2.64
655  2.86881
657  3.20685
659  2.87036
661  2.82342
663  3.08348
665  2.95741
667  3.59493
669  2.45244
671  2.33626
673  3.06094
675  2.68737
677  2.95932
679  2.77702
681  3.00724
683  2.98373
685  3.05499
687  2.804
689  2.87712
691  2.84433
693  2.98945
695  2.8731
697  3.13831
699  2.77171
701  2.61737
703  2.64922
705  3.22002
707  2.92721
709  3.27147
711  2.69065
713  3.21831
715  3.39042
717  2.65383
719  2.88737
721  3.14553
723  2.37297
725  2.94706
727  3.31759
729  2.8525
731  3.18881
733  3.08564
735  2.18853
737  2.40547
739  2.90604
741  2.76624
743  2.06455
745  1.8708
747  3.15072
749  2.87911
751  3.0642
753  2.92475
755  2.94575
757  2.80168
759  2.896
761  3.15214
763  3.3629
765  4.08173
767  2.78824
769  2.70988
771  2.41877
773  3.54907
775  2.87291
777  2.97736
779  2.83106
781  2.68627
783  2.91607
785  2.78048
787  2.77207
789  2.88691
791  3.43521
793  2.50374
795  2.79653
797  3.2414
799  3.27938
801  3.1509
803  3.04008
805  2.56584
807  3.37851
809  2.79302
811  3.18556
813  2.65465
815  2.7562
817  3.56779
819  2.60503
821  3.03366
823  3.35272
825  3.33294
827  2.72116
829  1.91982
831  2.04519
833  3.29125
835  2.94916
837  2.20662
839  2.84758
841  3.31225
843  3.27348
845  2.47209
847  2.89614
849  2.55403
851  2.6028
853  3.362
855  2.50533
857  3.23223
859  3.22878
861  2.62396
863  3.52594
865  2.61751
867  2.77305
869  3.15893
871  3.20863
873  2.69633
875  1.84683
877  2.93371
879  3.15408
881  3.12931
883  3.0913
885  2.63417
887  2.45192
889  3.89122
891  2.20868
893  3.37998
895  2.11976
897  2.97232
899  3.07479
901  3.20922
903  2.44621
905  2.73757
907  2.35526
909  3.17682
911  2.64583
913  3.79423
915  2.68517
917  2.13937
919  2.53588
921  3.067
923  3.02885
925  3.01434
927  2.71359
929  2.73147
931  3.07892
933  2.78658
935  2.81293
937  2.57777
939  4.52301
941  3.0113
943  3.31206
945  3.27241
947  4.29051
949  3.88288
951  2.76369
953  2.88182
955  3.1171
957  2.9589
959  3.85954
961  2.55393
963  3.00995
965  2.72949
967  2.86246
969  3.89468
971  2.67211
973  2.58626
975  2.63748
977  3.20453
979  2.79968
981  3.45099
983  3.08389
985  3.39488
987  2.45725
989  3.06753
991  3.87794
993  2.52374
995  2.94204
997  2.7216
999  2.89397
1001  2.76701
1003  2.99347
1005  2.84026
1007  2.31083
1009  3.18058
1011  2.57756
1013  2.62171
1015  3.52727
1017  1.94185
1019  1.66753
1021  2.12865
1023  3.32393
1025  3.71598
1027  3.54223
1029  3.75191
1031  2.82942
1033  2.7624
1035  3.05335
1037  3.28477
1039  3.15089
1041  3.08748
1043  3.73285
1045  3.58229
1047  3.75983
1049  2.26248
1051  4.22074
1053  4.21805
1055  2.79932
1057  2.68408
1059  3.03788
1061  2.65747
1063  2.47435
1065  2.62462
1067  3.16202
1069  2.9479
1071  3.11582
1073  3.37053
1075  3.00523
1077  2.95798
1079  3.11376
1081  2.91587
1083  2.84984
1085  2.8344
1087  3.01903
1089  2.72953
1091  3.00946
1093  2.80538
1095  3.218
1097  2.97548
1099  2.89958
1101  2.87124
1103  3.04607
1105  2.55796
1107  2.61995
1109  3.33957
1111  3.09802
1113  2.75579
1115  3.26137
1117  3.31276
1119  2.43048
1121  3.07658
1123  3.35967
1125  3.43618
1127  2.99924
1129  3.09583
1131  2.6784
1133  3.01918
1135  2.76995
1137  3.235
1139  3.14078
1141  3.25582
1143  3.1757
1145  3.2243
1147  3.48028
1149  3.34104
1151  3.10184
1153  2.88167
1155  2.801
1157  2.7272
1159  2.67464
1161  2.2359
1163  2.67904
1165  2.92983
1167  3.07482
1169  3.12237
1171  2.94663
1173  2.94515
1175  2.76139
1177  2.7344
1179  2.93293
1181  2.8069
1183  2.75035
1185  3.04843
1187  2.73127
1189  3.19261
1191  3.20159
1193  2.75767
1195  3.06469
1197  2.67883
1199  2.63648
401  0.731165
403  0.616963
405  0.92667
407  0.785319
409  0.891913
411  1.24959
413  1.49649
415  0.378491
417  1.516
419  0.336411
421  1.04278
423  0.616925
425  0.746696
427  0.35911
429  1.18963
431  1.25772
433  0.860635
435  0.84935
437  0.770332
439  0.95958
441  0.983716
443  0.954771
445  0.562194
447  0.842688
449  0.898442
451  0.743277
453  0.946703
455  0.839405
457  0.826618
459  1.1794
461  0.007788
463  0.855377
465  0.164637
467  1.04193
469  0.682234
471  0.90718
473  1.27629
475  0.554917
477  0.739114
479  0.734183
481  0.536389
483  0.77214
485  1.27311
487  0.794227
489  0.731508
491  0.876173
493  0.318205
495  0.540747
497  0.697082
499  0.291606
501  0.915793
503  0.825332
505  0.463836
507  0.283027
509  1.76807
511  0.232771
513  0.712302
515  0.878891
517  0.614055
519  0.493319
521  0.798024
523  0.841516
525  1.29352
527  1.17398
529  0.696797
531  1.15211
533  0.290663
535  1.01111
537  0.715248
539  0.983187
541  0.678608
543  0.622536
545  1.30962
547  2.02983
549  0.329727
551  0.60676
553  0.607973
555  1.261
557  0.483775
559  0.906978
561  0.704543
563  0.905796
565  0.471838
567  0.783217
569  0.740281
571  0.703052
573  0.550031
575  0.694358
577  0.409777
579  0.919859
581  0.370266
583  1.10248
585  0.509315
587  1.32377
589  0.709727
591  0.87508
593  0.609322
595  1.08095
597  0.668132
599  1.68403
601  0.84955
603  0.779154
605  0.843291
607  0.5991
609  0.562059
611  1.25002
613  0.901965
615  0.795268
617  0.98723
619  0.82654
621  0.968287
623  1.0479
625  0.784834
627  0.744566
629  0.880956
631  0.698823
633  0.848018
635  0.667207
637  1.22964
639  0.954065
641  0.969898
643  0.544349
645  0.608509
647  0.682579
649  1.57685
651  0.900951
653  0.901119
655  0.209722
657  1.09617
659  0.791864
661  0.882053
663  0.735439
665  0.775289
667  0.923159
669  0.972566
671  0.856977
673  0.746823
675  0.698262
677  0.570961
679  0.650636
681  0.694036
683  0.717438
685  0.765137
687  0.954206
689  0.887882
691  0.81134
693  0.934574
695  0.398189
697  0.918142
699  0.831963
701  1.08634
703  1.11874
705  0.644526
707  0.640731
709  1.05535
711  0.794356
713  1.12195
715  0.873968
717  0.481602
719  0.408909
721  1.09048
723  1.03271
725  0.46935
727  0.937648
729  0.929012
731  0.941252
733  0.75097
735  0.704599
737  0.657211
739  0.660273
741  1.16066
743  0.776593
745  0.970316
747  1.09205
749  0.794812
751  0.80565
753  0.627836
755  0.892451
757  0.694357
759  0.680721
761  0.541993
763  0.786472
765  0.301327
767  0.518715
769  0.467968
771  0.816682
773  0.554845
775  0.783215
777  0.855297
779  0.851229
781  0.866394
783  0.861873
785  0.518856
787  0.859119
789  0.54188
791  0.494349
793  0.426952
795  0.878849
797  0.956396
799  0.627789
801  0.835211
803  0.753869
805  0.604315
807  0.83933
809  0.813653
811  0.786897
813  0.614718
815  0.812175
817  0.748657
819  0.704793
821  1.14286
823  0.448589
825  1.19447
827  1.03253
829  1.04896
831  1.49729
833  0.188324
835  1.3899
837  1.26135
839  0.660457
841  0.54187
843  0.824612
845  0.671545
847  1.044
849  1.00391
851  0.872721
853  0.865542
855  0.905892
857  0.812684
859  0.654789
861  0.947953
863  0.770404
865  0.299424
867  0.567546
869  0.684188
871  0.323726
873  0.84586
875  0.695075
877  0.998446
879  0.540921
881  0.851266
883  0.730965
885  0.313206
887  1.2658
889  1.40845
891  1.29598
893  1.47583
895  0.811221
897  0.970899
899  1.08408
901  0.458734
903  0.732017
905  0.77043
907  0.820182
909  1.84576
911  1.68807
913  1.04716
915  1.3974
917  0.628544
919  0.652564
921  0.388513
923  0.944395
925  0.804647
927  0.86783
929  0.728651
931  0.793438
933  0.687925
935  0.420419
937  0.910925
939  1.79691
941  2.16254
943  1.79266
945  1.92625
947  1.04576
949  0.503343
951  0.868079
953  0.520414
955  0.969022
957  1.1487
959  0.57226
961  1.36062
963  0.922394
965  0.609778
967  1.3281
969  0.867841
971  0.88065
973  0.800671
975  0.790658
977  0.645888
979  1.21714
981  0.288074
983  0.733581
985  0.570892
987  0.820862
989  0.78884
991  1.01574
993  1.23659
995  0.844326
997  0.382856
999  1.0518
1001  1.0471
1003  0.927887
1005  1.03177
1007  1.3707
1009  0.62494
1011  0.652911
1013  1.14301
1015  -0.0528822
1017  -0.52344
1019  0.0433426
1021  0.0695924
1023  0.617794
1025  0.166175
1027  1.13456
1029  0.79989
1031  1.07692
1033  1.12703
1035  0.653423
1037  0.663289
1039  1.19557
1041  0.362861
1043  0.0915317
1045  0.599359
1047  1.11845
1049  1.09826
1051  1.97113
1053  1.31439
1055  0.649677
1057  0.899369
1059  0.849459
1061  0.561846
1063  0.775648
1065  0.409734
1067  0.79397
1069  0.611474
1071  0.986762
1073  1.09812
1075  1.10765
1077  1.23965
1079  0.685024
1081  0.645419
1083  1.06186
1085  0.731827
1087  0.812905
1089  0.68143
1091  1.12438
1093  0.966084
1095  1.01372
1097  0.614772
1099  0.972788
1101  0.763668
1103  0.763532
1105  0.860443
1107  0.430387
1109  0.866352
1111  0.900545
1113  0.868402
1115  0.890929
1117  0.210345
1119  0.628948
1121  0.712448
1123  0.704837
1125  0.814738
1127  0.841355
1129  0.789655
1131  0.889254
1133  0.964317
1135  0.750715
1137  0.668572
1139  1.15385
1141  1.7828
1143  -0.176657
1145  1.70504
1147  0.568194
1149  1.03061
1151  0.877378
1153  0.419024
1155  1.01528
1157  0.946121
1159  1.09123
1161  0.867589
1163  0.833038
1165  0.916442
1167  1.20805
1169  0.773754
1171  0.841084
1173  0.875063
1175  0.327229
1177  0.809148
1179  0.651675
1181  0.742813
1183  0.567894
1185  1.21078
1187  0.429155
1189  1.19301
1191  1.02005
1193  0.620551
1195  0.34335
1197  0.810208
1199  0.667413
401  0.410658
403  1.02136
405  1.17669
407  0.866118
409  0.518751
411  0.773526
413  1.97566
415  1.31427
417  1.68916
419  1.32973
421  0.793824
423  0.525901
425  0.786807
427  0.570198
429  1.50075
431  0.970606
433  0.980386
435  0.804509
437  0.440214
439  0.690033
441  1.39084
443  0.807003
445  0.411904
447  0.400481
449  0.581667
451  0.419437
453  0.47967
455  0.731447
457  0.766095
459  1.34627
461  0.832616
463  1.47098
465  1.17454
467  1.00545
469  0.785303
471  0.41343
473  0.649154
475  1.26142
477  0.925747
479  1.28156
481  0.743528
483  0.845596
485  0.898675
487  0.629358
489  1.13523
491  0.823581
493  0.882788
495  1.30663
497  0.912818
499  0.913976
501  1.24311
503  0.754416
505  0.696281
507  1.01547
509  1.72858
511  0.707591
513  1.23899
515  1.27948
517  0.491522
519  1.45331
521  0.647597
523  0.990632
525  1.16348
527  0.767769
529  0.685911
531  0.778945
533  1.17668
535  0.461149
537  2.37827
539  1.02
541  0.610195
543  0.619885
545  1.03222
547  2.43264
549  2.17728
551  0.536547
553  0.547438
555  0.750095
557  0.609714
559  0.537533
561  0.782652
563  1.07598
565  1.03582
567  1.16158
569  0.380285
571  0.403128
573  0.783504
575  0.935645
577  0.972747
579  1.80281
581  2.01052
583  1.11182
585  1.22968
587  0.71825
589  0.486779
591  0.654822
593  1.00977
595  0.807277
597  0.623279
599  1.45834
601  0.628342
603  0.397887
605  0.718204
607  0.744173
609  1.67437
611  0.873649
613  0.553959
615  0.56887
617  0.600901
619  0.589423
621  0.798338
623  0.743583
625  0.65608
627  0.608063
629  0.772519
631  1.00574
633  0.602308
635  0.835642
637  1.14227
639  0.678132
641  0.842885
643  0.812109
645  0.657903
647  0.603883
649  1.13335
651  0.590088
653  0.684195
655  1.05542
657  0.850164
659  0.628775
661  0.504261
663  1.196
665  0.608012
667  0.916663
669  1.16389
671  1.0337
673  0.458866
675  0.397453
677  0.470469
679  0.850535
681  0.84846
683  0.999922
685  0.768981
687  0.967483
689  0.726971
691  0.720569
693  0.950993
695  0.718634
697  0.536504
699  0.626995
701  1.17513
703  0.849053
705  0.46543
707  0.558426
709  0.563308
711  0.540972
713  0.786228
715  1.46118
717  1.17386
719  0.755372
721  1.34073
723  1.37035
725  0.714631
727  0.92552
729  0.661021
731  0.391685
733  0.494585
735  1.00228
737  0.552301
739  0.655011
741  0.751737
743  1.26371
745  1.12881
747  0.639527
749  0.79874
751  0.950375
753  0.835896
755  0.48755
757  0.858585
759  0.913459
761  0.932182
763  0.6585
765  0.977843
767  0.79832
769  0.800814
771  1.14052
773  1.16366
775  0.793649
777  0.928717
779  0.350992
781  0.846878
783  0.498388
785  0.771721
787  0.500008
789  0.508272
791  1.06725
793  1.4327
795  0.86596
797  0.651544
799  0.638234
801  0.543934
803  0.523988
805  0.694052
807  0.875132
809  0.681026
811  0.563193
813  0.628198
815  0.72063
817  0.934879
819  1.0076
821  0.630988
823  0.941415
825  0.84453
827  0.8167
829  2.35455
831  2.764
833  2.28997
835  1.1363
837  2.60866
839  0.473936
841  0.863623
843  0.965287
845  0.771712
847  1.29191
849  0.743976
851  1.03598
853  0.846549
855  0.544175
857  0.770787
859  0.869928
861  0.597247
863  0.849126
865  1.60597
867  0.604952
869  0.534651
871  0.681526
873  0.825079
875  1.38476
877  1.02872
879  0.789991
881  0.484138
883  1.5807
885  0.622743
887  0.744758
889  1.29813
891  1.62697
893  2.01121
895  0.900871
897  1.45737
899  1.56294
901  0.663898
903  0.629437
905  0.658794
907  1.12562
909  1.45121
911  1.05325
913  1.27706
915  1.19173
917  1.36444
919  0.453335
921  0.870547
923  0.612995
925  0.36402
927  0.632539
929  0.950611
931  0.696126
933  0.594368
935  0.715341
937  0.936419
939  3.73631
941  1.68065
943  3.46734
945  3.10327
947  1.91896
949  1.52007
951  0.510334
953  1.02153
955  0.633206
957  1.04118
959  0.989534
961  0.703419
963  0.821731
965  0.457703
967  1.39453
969  1.23929
971  0.570676
973  1.48582
975  0.869024
977  0.996823
979  0.601837
981  1.08275
983  1.14433
985  0.86615
987  0.516942
989  0.571684
991  0.97862
993  1.26111
995  1.00609
997  0.845016
999  0.575054
1001  0.865859
1003  0.867505
1005  1.65628
1007  1.98962
1009  1.07175
1011  1.12316
1013  1.97938
1015  2.22492
1017  2.12104
1019  1.55786
1021  1.04511
1023  1.12926
1025  1.76136
1027  1.22618
1029  1.13751
1031  1.07543
1033  1.45977
1035  0.866886
1037  0.637796
1039  1.32824
1041  0.90953
1043  1.88299
1045  0.735502
1047  1.04452
1049  1.75466
1051  2.02805
1053  1.42066
1055  0.976104
1057  0.889946
1059  0.866231
1061  0.522752
1063  0.714037
1065  1.13562
1067  0.607054
1069  0.408165
1071  0.693546
1073  0.573477
1075  0.486046
1077  0.73926
1079  0.867904
1081  0.479477
1083  0.6403
1085  0.456439
1087  1.21018
1089  0.670925
1091  0.453254
1093  0.477968
1095  0.482544
1097  0.465992
1099  1.35087
1101  0.254682
1103  0.901897
1105  1.06829
1107  1.16084
1109  0.735051
1111  0.653721
1113  0.735338
1115  1.36584
1117  1.48794
1119  0.644051
1121  0.625915
1123  0.78325
1125  0.75621
1127  0.719087
1129  0.831469
1131  0.550866
1133  0.497648
1135  0.483006
1137  0.507994
1139  2.5427
1141  1.83476
1143  1.874
1145  0.848625
1147  0.623371
1149  0.813221
1151  0.853153
1153  0.763349
1155  1.03297
1157  0.7557
1159  0.964663
1161  1.07927
1163  0.692613
1165  0.594732
1167  1.08574
1169  0.57761
1171  0.387152
1173  1.05649
1175  1.22091
1177  0.535735
1179  0.742349
1181  0.605768
1183  0.705347
1185  0.643427
1187  0.813535
1189  0.856093
1191  0.756562
1193  0.626281
1195  0.817205
1197  0.556657
1199  0.752321
